0	0	
	6.104	15.912	99.463	36.144	130.018	124.509
	173.888	130.725	107.129	87.012	171.018	95.094
	93.461	35.919	164.364	74.616	52.883	95.851
	146.616	140.715	114.602	149.870	78.071	39.205
	135.420	45.361	114.408	42.326	78.841	98.372
	83.692	43.289	117.799	91.002	145.529	64.482
	86.121	80.680	53.423	116.674	110.933	174.355
	162.848	93.037	50.711	115.055	56.847	51.597

0	1	
	150.932	75.529	77.761	83.577	80.676	28.987
	87.478	80.843	75.571	54.255	91.451	102.189
	170.061	71.428	73.058	17.481	96.522	12.153
	46.227	162.988	111.151	114.200	134.569	104.474
	101.591	194.782	140.599	13.468	39.057	126.617
	149.552	63.855	89.629	110.725	38.851	64.725
	62.299	4.921	133.398	112.215	84.218	103.541
	143.323	81.606	119.937	143.654	127.591	131.931

0	2	
	54.057	86.763	97.389	64.683	157.689	41.619
	110.792	86.580	139.066	17.692	141.766	106.098
	56.687	133.536	147.632	58.711	143.757	92.604
	127.694	76.207	90.402	156.182	181.637	117.823
	179.291	137.364	169.473	78.179	117.611	109.357
	44.778	39.531	104.309	126.947	59.854	150.210
	60.474	126.536	63.233	149.288	82.756	136.904
	88.277	171.977	124.160	163.566	121.899	61.157

0	3	
	69.501	137.531	84.864	87.915	96.222	29.278
	116.990	96.275	77.781	71.739	101.472	122.343
	134.684	117.618	103.865	104.433	112.329	65.744
	112.051	80.318	114.932	65.229	120.970	91.962
	141.723	116.573	74.324	137.087	108.504	130.961
	90.277	89.042	30.858	96.948	47.875	28.534
	100.679	116.818	171.636	129.717	163.067	114.405
	140.130	97.324	71.781	124.188	105.108	86.568

0	4	
	137.852	161.955	78.723	98.384	64.665	30.228
	172.464	87.715	121.842	108.814	57.442	101.712
	111.801	122.593	112.489	150.387	108.344	119.397
	142.107	99.714	107.307	119.872	98.673	58.415
	140.586	104.952	167.314	38.055	170.414	96.242
	34.973	192.655	104.582	94.942	159.338	74.532
	188.520	105.679	87.275	108.016	172.556	65.041
	147.177	145.977	94.485	36.964	81.233	82.252

0	5	
	83.037	96.463	140.633	120.635	133.965	161.375
	114.626	117.902	73.165	74.373	35.974	99.013
	100.794	90.809	31.494	136.600	95.230	132.145
	89.374	27.277	180.949	84.139	72.889	112.954
	68.213	141.849	84.709	85.151	52.443	42.076
	84.561	100.878	57.037	168.619	160.569	83.952
	180.970	56.897	74.129	94.219	139.214	114.106
	111.432	109.486	65.101	178.757	137.206	87.006

0	6	
	121.196	152.623	149.436	39.603	166.268	43.720
	46.896	89.878	134.754	58.954	142.351	151.358
	40.418	106.415	138.101	173.977	102.441	44.099
	86.361	76.249	67.225	27.866	23.553	135.226
	134.275	66.899	78.123	64.408	112.681	109.768
	160.896	48.198	107.095	137.407	99.406	181.826
	109.293	127.747	56.491	15.595	129.491	81.008
	131.982	101.715	84.920	153.673	90.921	151.398

0	7	
	126.803	90.536	108.331	90.945	117.960	145.186
	108.615	117.180	104.556	122.918	90.736	135.306
	60.710	45.386	40.926	112.391	117.853	113.053
	95.180	122.556	117.363	151.077	121.309	76.614
	54.960	83.520	118.212	96.653	44.474	84.134
	69.726	111.342	83.148	85.192	111.585	49.035
	66.750	116.936	62.743	139.450	152.832	96.137
	29.710	159.567	128.589	68.265	123.563	90.621

1	0	
	110.043	87.120	121.201	78.161	48.603	145.745
	85.636	118.364	132.126	20.831	99.270	124.220
	121.254	186.576	117.585	65.299	151.024	74.703
	136.524	110.184	91.166	163.026	89.709	124.576
	97.660	162.521	112.507	42.507	87.342	128.119
	76.550	103.227	31.391	143.886	90.811	60.627
	111.196	102.245	85.507	110.154	102.711	71.874
	86.071	106.094	107.923	107.475	74.804	121.262

1	1	
	135.527	45.227	67.784	141.450	62.678	137.995
	31.621	129.034	92.857	111.645	88.817	35.029
	91.504	103.797	112.478	110.534	66.514	154.121
	82.882	108.729	121.096	49.367	17.378	141.967
	114.390	60.199	181.696	70.061	71.996	75.917
	136.938	102.499	133.790	9.314	161.489	105.420
	78.589	176.420	134.192	139.633	155.420	136.546
	34.546	23.696	155.198	132.597	105.176	147.657

1	2	
	67.780	182.566	77.835	105.972	44.854	78.552
	4.371	116.408	147.450	58.336	87.751	183.612
	160.113	120.435	53.317	120.034	90.699	104.319
	13.591	77.620	84.712	194.163	114.152	164.429
	77.685	58.140	147.121	147.644	177.469	119.695
	74.770	98.324	157.790	109.987	82.218	114.652
	119.097	116.992	50.340	41.951	146.350	153.271
	91.276	111.295	92.839	40.842	14.441	101.390

1	3	
	122.477	46.066	80.920	114.385	189.112	123.386
	106.995	133.000	68.660	81.527	147.762	116.291
	125.617	89.025	167.128	89.811	65.851	172.638
	58.804	96.002	87.018	49.667	152.068	158.741
	81.542	83.990	120.950	73.663	50.770	104.744
	134.588	103.998	116.529	71.085	113.717	68.623
	163.975	38.776	63.879	138.438	75.803	101.052
	86.958	105.860	78.378	28.672	85.860	183.192

1	4	
	115.148	53.278	50.661	48.655	113.543	87.607
	138.940	64.627	156.064	93.610	46.880	115.775
	134.841	50.788	113.848	77.305	65.355	106.963
	77.434	109.891	59.849	136.688	180.621	98.259
	124.360	85.833	80.142	64.431	35.595	105.258
	104.162	50.239	95.778	76.257	42.296	53.019
	105.826	50.914	132.612	98.736	162.036	91.068
	116.078	150.204	113.292	72.719	84.764	75.586

1	5	
	101.514	63.996	159.859	90.434	195.132	106.632
	149.952	120.788	102.677	64.705	74.144	142.382
	122.254	172.509	195.595	108.603	67.185	57.272
	105.478	195.851	134.128	67.867	107.305	124.532
	117.407	31.882	55.872	36.348	28.445	118.204
	14.760	102.494	44.700	73.700	50.339	18.775
	136.513	57.544	103.446	88.607	79.631	60.175
	104.086	148.841	112.669	107.780	50.003	52.220

1	6	
	91.718	73.541	99.076	177.395	130.108	64.994
	71.096	67.368	93.889	34.551	116.366	59.433
	67.930	104.949	142.610	79.611	61.134	28.688
	88.467	163.447	67.067	147.970	47.036	133.370
	134.400	75.936	121.732	91.280	104.243	84.066
	29.753	100.780	88.064	153.330	72.150	171.107
	56.756	167.409	127.135	109.166	132.589	75.718
	104.085	130.254	85.596	62.167	106.548	71.707

1	7	
	169.792	103.971	43.679	114.538	127.693	87.914
	93.160	103.236	82.246	84.475	130.268	148.435
	128.323	83.332	111.058	69.516	181.442	31.546
	120.437	147.048	104.611	121.911	125.712	142.333
	122.022	162.614	107.172	84.637	72.055	111.783
	178.508	154.500	60.627	118.135	154.614	79.219
	97.685	141.837	92.793	11.209	110.083	119.381
	71.005	54.953	49.382	52.880	108.868	43.136

2	0	
	22.828	125.365	110.644	72.858	73.134	128.610
	121.176	28.867	119.488	73.344	79.823	97.125
	121.525	67.742	88.522	87.391	99.200	131.628
	54.578	160.901	65.909	97.330	33.778	85.419
	41.383	138.276	111.141	47.669	87.083	100.244
	143.066	144.571	24.975	15.136	66.153	37.451
	87.596	155.936	82.203	96.109	97.282	63.926
	124.037	167.575	91.632	64.300	165.643	14.654

2	1	
	143.500	96.774	104.805	102.730	188.567	144.322
	151.525	54.846	34.416	84.157	129.336	85.691
	173.108	96.263	104.131	114.254	22.839	114.940
	94.528	99.326	84.222	72.249	174.813	62.975
	69.835	122.793	82.581	25.861	124.097	36.830
	112.302	126.457	130.349	94.615	65.953	186.178
	169.183	149.486	94.524	51.266	173.252	136.155
	92.941	97.133	88.336	76.242	31.653	74.263

2	2	
	167.028	154.458	62.897	105.903	71.802	53.702
	72.627	102.923	129.604	96.168	162.384	149.472
	91.825	82.416	38.267	141.764	102.622	115.638
	56.878	144.653	111.651	10.361	95.557	140.897
	130.620	128.110	76.716	113.473	63.714	16.389
	77.979	23.658	96.104	12.965	63.978	62.309
	116.331	116.138	57.843	156.980	74.787	71.972
	111.963	194.793	99.863	150.619	58.399	106.294

2	3	
	108.926	116.521	101.705	51.668	162.977	140.920
	97.167	96.504	82.399	157.552	108.983	59.326
	148.364	62.160	75.931	39.624	98.321	125.019
	111.409	153.773	84.742	66.922	140.416	178.665
	56.186	102.667	114.258	66.282	106.264	79.990
	170.495	100.366	111.164	72.995	141.786	163.209
	89.725	154.521	53.403	82.312	121.301	121.534
	101.820	98.056	90.966	85.762	89.817	108.590

2	4	
	78.036	122.842	122.311	148.867	52.446	138.674
	73.055	110.666	108.718	45.627	133.112	131.686
	50.996	141.354	84.547	77.814	108.677	97.531
	160.776	69.382	167.028	82.762	154.719	132.887
	111.335	130.190	111.931	161.501	75.640	134.483
	117.365	72.011	67.229	105.843	107.937	170.713
	42.080	68.783	126.715	80.380	105.020	116.449
	135.599	101.084	70.253	76.479	194.760	96.297

2	5	
	155.507	106.656	37.508	136.597	46.992	95.239
	186.968	119.522	161.136	123.968	84.131	107.410
	135.512	102.429	87.378	75.208	93.661	78.918
	81.104	16.102	126.403	82.003	135.808	76.131
	46.736	27.681	88.711	89.350	102.317	112.072
	162.900	28.478	80.329	186.805	46.673	133.293
	48.067	50.285	128.900	78.921	185.333	148.044
	14.126	14.122	102.607	123.025	110.485	130.275

2	6	
	137.304	88.575	61.700	61.918	114.668	54.490
	103.510	93.254	113.912	131.510	72.639	53.519
	83.294	110.493	124.470	162.967	107.369	55.524
	64.146	162.144	120.375	122.193	50.271	32.633
	60.128	55.375	78.006	131.126	70.709	126.886
	53.208	57.429	104.523	103.522	70.477	64.759
	171.654	129.035	152.665	142.256	116.716	93.290
	115.938	124.317	38.453	90.863	134.906	87.009

2	7	
	26.299	81.889	90.532	82.599	125.689	128.302
	122.292	121.303	82.737	117.827	108.760	93.135
	99.250	28.593	69.908	115.765	43.347	122.809
	88.501	16.418	39.068	167.714	168.143	107.974
	116.312	59.830	71.086	45.711	112.327	77.864
	43.648	83.913	15.482	87.644	45.531	166.813
	82.299	88.832	21.507	110.488	100.876	77.125
	114.530	54.291	139.210	7.611	19.762	121.355

3	0	
	50.966	77.572	20.772	114.265	17.492	92.980
	103.799	39.521	178.620	32.890	129.474	87.932
	103.710	157.815	79.799	18.409	105.766	129.355
	115.753	124.090	60.290	105.402	109.961	137.515
	86.901	159.086	115.681	148.965	72.574	113.850
	175.373	114.573	132.094	111.174	73.137	72.557
	52.552	35.599	91.925	40.702	102.296	91.882
	146.217	174.897	122.920	186.701	77.755	120.195

3	1	
	141.356	42.984	82.273	119.575	86.947	130.855
	112.061	124.032	120.101	72.300	146.898	26.892
	96.616	134.328	88.187	78.850	47.789	98.617
	133.284	104.295	107.579	98.736	77.794	115.967
	87.245	118.779	106.837	134.685	94.666	102.382
	97.766	84.234	47.954	87.099	166.376	88.305
	107.142	52.663	82.684	140.697	73.061	91.427
	138.745	58.960	170.797	57.505	73.052	139.154

3	2	
	185.477	123.263	52.501	113.834	80.527	51.610
	78.667	57.668	120.653	52.542	144.703	70.350
	102.043	84.185	93.212	102.249	154.024	135.837
	9.432	87.999	85.565	86.485	148.036	152.282
	122.955	99.375	69.500	115.357	119.540	114.108
	72.985	141.645	131.964	70.282	103.347	124.374
	78.632	58.061	166.213	94.105	178.913	152.610
	65.957	113.462	99.219	76.718	179.260	33.251

3	3	
	75.973	54.017	65.875	114.698	111.044	83.200
	183.295	137.011	148.471	5.494	80.726	111.150
	116.517	44.638	92.334	177.539	43.391	47.910
	89.629	14.605	55.324	132.100	43.284	56.845
	103.085	180.010	11.500	65.895	88.132	124.946
	10.277	77.697	83.356	34.911	11.562	156.901
	137.101	116.629	96.748	103.007	41.004	161.660
	56.133	62.080	159.883	169.083	90.931	49.390

3	4	
	41.463	83.772	38.913	26.869	119.718	102.157
	117.302	57.060	55.159	121.033	32.805	74.770
	151.915	96.072	89.132	80.756	151.758	110.109
	127.814	115.113	90.975	149.463	159.663	117.123
	123.469	107.850	95.177	50.758	125.944	92.934
	122.621	65.789	69.717	110.590	144.356	128.903
	32.182	70.747	115.344	89.935	85.532	73.790
	28.112	148.326	82.436	60.188	112.883	174.479

3	5	
	91.259	34.258	52.140	122.639	96.258	154.297
	47.088	79.582	128.365	91.403	67.930	51.668
	135.933	68.721	76.678	86.863	88.698	146.886
	119.698	28.774	80.088	175.906	91.874	40.005
	141.360	122.381	58.892	28.331	85.705	165.696
	136.806	135.758	125.604	7.020	153.824	55.929
	160.226	110.502	88.956	111.026	126.604	102.019
	67.753	25.721	42.688	114.579	151.513	100.159

3	6	
	76.298	126.511	105.305	128.816	113.420	177.258
	103.435	89.345	128.939	49.390	57.588	34.998
	134.649	141.174	89.634	181.729	114.331	67.310
	22.550	63.258	117.715	43.989	173.211	101.825
	85.336	77.866	74.068	63.668	108.623	40.090
	134.719	111.207	29.808	117.503	159.084	86.901
	112.931	40.060	78.955	144.172	68.681	97.913
	107.033	154.666	87.874	27.825	159.186	71.620

3	7	
	168.443	116.595	101.739	144.400	57.825	182.806
	171.774	169.352	65.454	104.154	153.090	82.218
	63.767	24.630	137.541	38.787	119.619	42.466
	98.918	76.430	164.683	22.472	97.556	122.106
	74.555	167.350	107.453	141.908	70.481	88.336
	66.812	88.957	30.204	133.259	63.439	156.510
	100.238	71.524	177.309	66.655	127.412	131.520
	85.100	78.323	128.177	110.486	93.187	144.736

4	0	
	138.812	74.651	87.529	138.337	104.951	114.742
	149.468	125.974	105.863	26.016	121.731	127.741
	127.955	110.952	107.370	86.817	176.024	140.149
	0.000	0.000	0.000	0.000	0.000	0.000
	0.000	0.000	0.000	0.000	0.000	0.000
	0.000	0.000	0.000	0.000	0.000	0.000
	0.000	0.000	0.000	0.000	0.000	0.000
	0.000	0.000	0.000	0.000	0.000	0.000

4	1	
	57.397	73.003	84.607	39.392	21.833	29.745
	82.792	37.430	62.052	56.853	10.353	66.210
	146.755	72.020	77.960	162.381	101.000	70.862
	0.000	0.000	0.000	0.000	0.000	0.000
	0.000	0.000	0.000	0.000	0.000	0.000
	0.000	0.000	0.000	0.000	0.000	0.000
	0.000	0.000	0.000	0.000	0.000	0.000
	0.000	0.000	0.000	0.000	0.000	0.000

4	2	
	81.655	55.572	74.285	42.124	111.169	30.465
	150.023	119.025	76.321	44.661	127.502	95.180
	123.481	43.520	165.278	139.666	40.032	29.463
	0.000	0.000	0.000	0.000	0.000	0.000
	0.000	0.000	0.000	0.000	0.000	0.000
	0.000	0.000	0.000	0.000	0.000	0.000
	0.000	0.000	0.000	0.000	0.000	0.000
	0.000	0.000	0.000	0.000	0.000	0.000

4	3	
	135.612	65.024	174.770	96.228	98.446	62.901
	116.991	57.070	124.268	107.304	40.023	138.178
	41.384	102.130	29.764	116.695	54.388	141.044
	0.000	0.000	0.000	0.000	0.000	0.000
	0.000	0.000	0.000	0.000	0.000	0.000
	0.000	0.000	0.000	0.000	0.000	0.000
	0.000	0.000	0.000	0.000	0.000	0.000
	0.000	0.000	0.000	0.000	0.000	0.000

4	4	
	11.459	146.144	127.452	105.777	106.915	99.562
	80.000	103.853	102.172	29.644	130.185	87.361
	85.253	73.085	46.090	94.807	162.968	42.751
	0.000	0.000	0.000	0.000	0.000	0.000
	0.000	0.000	0.000	0.000	0.000	0.000
	0.000	0.000	0.000	0.000	0.000	0.000
	0.000	0.000	0.000	0.000	0.000	0.000
	0.000	0.000	0.000	0.000	0.000	0.000

4	5	
	162.207	122.848	102.062	130.866	183.249	62.599
	129.631	71.695	121.374	90.752	78.541	119.035
	107.333	84.278	123.338	174.141	89.189	62.993
	0.000	0.000	0.000	0.000	0.000	0.000
	0.000	0.000	0.000	0.000	0.000	0.000
	0.000	0.000	0.000	0.000	0.000	0.000
	0.000	0.000	0.000	0.000	0.000	0.000
	0.000	0.000	0.000	0.000	0.000	0.000

4	6	
	94.441	99.475	47.828	138.406	123.432	160.290
	122.056	113.633	65.138	102.690	137.953	54.460
	87.498	95.013	175.879	99.500	121.338	65.795
	0.000	0.000	0.000	0.000	0.000	0.000
	0.000	0.000	0.000	0.000	0.000	0.000
	0.000	0.000	0.000	0.000	0.000	0.000
	0.000	0.000	0.000	0.000	0.000	0.000
	0.000	0.000	0.000	0.000	0.000	0.000

4	7	
	79.142	74.698	61.716	117.878	131.571	39.119
	132.598	89.735	106.988	84.604	110.177	37.202
	95.387	177.382	117.277	12.630	110.393	127.195
	0.000	0.000	0.000	0.000	0.000	0.000
	0.000	0.000	0.000	0.000	0.000	0.000
	0.000	0.000	0.000	0.000	0.000	0.000
	0.000	0.000	0.000	0.000	0.000	0.000
	0.000	0.000	0.000	0.000	0.000	0.000

